5,8,110,2.1957,3.4114
5,8,110,1.1347,2.0473
5,8,170,1.1114,3.6636
5,8,150,1.763,2.9064
5,8,160,2.7229,2.815
5,8,200,2.9314,3.6582
5,8,200,1.2528,3.5385
5,8,130,1.764,3.1808
5,8,150,1.8782,2.3285
5,8,110,1.6398,2.0274
5,8,170,2.2343,3.8436
5,8,170,2.1098,2.0138
5,8,200,1.376,1.8594
5,8,200,1.1187,4.0948
5,8,160,2.4033,2.1429
5,8,120,2.2591,1.2058
5,8,200,1.453,1.4587
5,8,200,1.05,2.7103
5,8,110,2.4259,4.065
5,8,170,1.8096,2.84
5,8,200,2.4711,2.9583
5,8,160,2.0475,2.7351
5,8,180,1.9266,1.6195
5,8,170,1.803,2.8524
5,8,200,2.6782,2.9497
5,8,170,1.7146,2.4097
5,8,200,1.2919,4.1848
5,8,160,2.5007,3.3991
5,8,130,2.0049,2.9055
5,8,170,2.3286,0.89638
5,8,180,2.8588,1.9775
5,8,150,2.4284,3.043
5,8,180,2.2018,1.162
5,8,110,2.2572,3.8804
5,8,110,1.2545,3.3972
5,8,130,2.573,3.3922
5,8,110,2.027,1.3916
5,8,190,2.5405,2.5536
5,8,180,2.7491,3.0831
5,8,160,2.6066,0.9714
5,8,120,2.2979,2.6166
5,8,180,2.7987,3.1519
5,8,170,2.4766,1.5346
5,8,110,2.5044,4.0116
5,8,180,1.8145,2.4568
5,8,170,2.1221,1.8143
5,8,170,1.7614,2.2764
5,8,110,2.7957,1.0473
5,8,160,1.1759,2.5293
5,8,200,1.1602,2.4148
5,8,190,1.8887,2.2933
5,8,110,2.0314,2.5731
5,8,160,1.2821,3.6807
5,8,110,1.0792,3.2735
5,8,180,1.6134,3.5559
5,8,160,1.4683,4.0196
5,8,110,2.0568,1.7657
5,8,110,1.6,3.8369
5,8,140,1.6993,3.1781
5,8,150,1.2386,1.9413
5,8,140,1.8963,3.6666
5,8,180,1.8137,1.2475
5,8,170,2.8366,3.7343
5,8,150,1.4934,1.9495
5,8,150,2.2248,2.0894
5,8,120,1.9219,1.5234
5,8,130,2.0048,1.7223
5,8,140,2.4665,4.0995
5,8,150,2.5962,1.1281
5,8,180,2.5288,3.7959
5,8,120,1.928,1.8459
5,8,120,1.381,4.0885
5,8,130,1.3056,3.7842
5,8,160,1.2033,3.0405
5,8,140,1.8693,4.17
5,8,200,1.8015,2.3061
5,8,120,2.7971,2.9501
5,8,110,1.8495,2.7703
5,8,180,2.3077,3.5303
5,8,190,1.5994,3.992
5,8,170,2.8495,1.7497
5,8,120,1.7639,2.1245
5,8,140,2.7157,0.84157
5,8,200,2.734,3.351
5,8,160,1.1935,1.8009
5,8,160,2.1879,1.0413
5,8,190,1.1078,1.9109
5,8,160,2.5493,1.4165
5,8,140,1.4246,3.5064
5,8,110,2.2475,2.3881
5,8,140,2.83,1.2835
5,8,110,2.8242,0.99072
5,8,140,2.9507,1.0196
5,8,140,2.9912,3.0879
5,8,200,2.0949,2.1043
5,8,150,1.7855,1.2647
5,8,160,1.374,3.3497
5,8,200,1.9264,4.1725
5,8,170,1.2398,1.7714
5,8,170,2.5171,3.6366
5,8,200,1.1758,2.5895
5,8,180,2.6404,0.87579
5,8,180,2.0549,0.99217
5,8,190,2.273,1.7916
5,8,120,2.7091,0.90633
5,8,130,1.4532,1.6882
5,8,170,2.7471,3.2367
5,8,110,2.9805,0.85768
5,8,190,1.6055,4.104
5,8,200,2.041,2.9335
5,8,110,1.1188,3.4205
5,8,120,1.7124,2.1766
5,8,110,1.0523,4.1763
5,8,120,1.8275,2.5449
5,8,130,2.8442,1.0475
5,8,200,2.3686,2.2282
5,8,160,1.411,2.2639
5,8,180,2.8765,1.7911
5,8,110,1.7628,2.7277
5,8,180,2.3927,2.9422
5,8,140,1.3514,4.1696
5,8,160,2.8033,2.7433
5,8,120,2.3733,1.8962
5,8,200,1.482,3.1096
5,8,130,1.6495,3.1526
5,8,170,2.1953,1.9501
5,8,120,1.8892,3.2078
5,8,190,1.8923,3.0778
5,8,170,1.0006,2.1574
5,8,140,2.1247,3.0612
5,8,190,2.0775,2.9048
5,8,180,1.0461,2.0645
5,8,140,2.6862,1.9107
5,8,130,1.2455,1.9692
5,8,140,2.2734,2.7798
5,8,180,2.1034,2.3069
5,8,140,2.4668,1.4064
5,8,200,1.9027,1.5037
5,8,160,1.2096,1.8913
5,8,170,2.7666,2.927
5,8,120,1.9733,2.2866
5,8,170,2.0018,2.3344
5,8,140,2.8372,2.5828
5,8,190,1.1057,3.548
5,8,190,2.3835,1.4184
5,8,170,2.8526,3.1383
5,8,150,2.9499,1.2259
5,8,180,2.3941,3.9605
5,8,120,2.9969,1.3068
5,8,190,2.4021,2.907
5,8,140,2.3528,3.8936
5,8,180,2.6193,1.6331
5,8,110,1.1213,1.9148
5,8,150,2.8888,0.98338
5,8,110,1.6009,3.4998
5,8,160,2.1846,3.393
5,8,130,2.9824,1.2636
5,8,130,2.4132,2.9697
5,8,200,1.5046,3.6617
5,8,130,2.6599,2.2137
5,8,110,2.1531,1.8975
5,8,180,1.6908,2.6132
5,8,180,2.8133,2.49
5,8,150,1.5848,4.061
5,8,140,2.9407,1.2896
5,8,200,1.7303,4.0137
5,8,190,2.8015,3.5116
5,8,160,1.2533,1.6721
5,8,150,1.3489,2.8969
5,8,120,2.3056,1.1203
5,8,120,2.399,1.1914
5,8,120,2.5979,3
5,8,190,2.9921,1.8363
5,8,160,2.0618,3.5108
5,8,190,1.0455,2.3375
5,8,140,2.6418,4.168
5,8,130,1.555,1.5858
5,8,140,1.1338,2.4389
5,8,150,1.942,1.8608
5,8,120,2.5292,3.5082
5,8,110,1.6873,1.2013
5,8,180,2.449,3.7217
5,8,130,1.3281,2.9765
5,8,140,1.5786,2.5701
5,8,110,2.5693,1.9835
5,8,150,2.4399,2.7155
5,8,140,2.737,2.7071
5,8,130,1.4424,3.1702
5,8,120,2.9567,2.5567
5,8,110,2.4699,1.9411
5,8,160,2.8472,2.9643
5,8,130,2.2653,2.5052
5,8,180,1.4887,2.3298
5,8,160,1.6848,1.3374
5,8,180,1.5467,2.5949
5,8,190,1.1536,2.4168
5,8,180,1.8214,4.0381
5,8,200,2.7249,3.4158
5,8,190,1.652,3.9691
5,8,160,2.0679,2.5826
5,8,200,2.2557,1.2904
5,8,110,2.4657,1.6268
5,8,160,2.9285,4.0103
5,8,150,1.7004,2.9679
5,8,150,2.2922,3.9104
5,8,170,2.8866,2.4532
5,8,110,1.8019,3.1315
5,8,150,2.3964,1.8022
5,8,130,1.3129,4.0072
5,8,170,1.5482,2.4219
5,8,140,2.7303,1.031
5,8,140,1.4412,2.968
5,8,140,2.5148,2.1424
5,8,180,2.9225,1.5677
5,8,130,1.4727,2.6324
5,8,200,2.6465,1.8424
5,8,140,2.0712,2.6033
5,8,190,1.7967,3.2627
5,8,120,2.436,2.0224
5,8,130,2.1516,4.062
5,8,140,1.6874,2.394
5,8,140,2.3198,2.9732
5,8,150,2.3948,3.662
5,8,150,2.9829,2.1963
5,8,170,1.479,3.856
5,8,150,2.8543,3.1678
5,8,180,2.5377,1.3772
5,8,150,2.1078,1.3883
5,8,180,2.9245,3.4249
5,8,160,1.0137,3.7762
5,8,130,1.3177,3.5001
5,8,110,2.3445,3.7633
5,8,170,1.9225,3.7373
5,8,160,2.9506,3.4929
5,8,180,1.6362,3.4162
5,8,170,1.1572,2.944
5,8,170,2.5319,1.9138
5,8,140,2.0232,3.4939
5,8,170,2.3536,3.7339
5,8,130,2.9519,2.6613
5,8,150,1.0006,2.4822
5,8,130,2.5418,1.9446
5,8,140,2.7949,3.1829
5,8,150,1.0506,3.3107
5,8,200,2.1869,1.8672
5,8,140,2.2832,1.0998
5,8,140,1.3606,2.1351
5,8,170,2.5797,3.297
5,8,170,1.6366,2.7159
5,8,130,1.4702,2.8941
5,8,150,1.1173,3.187
5,8,130,2.1511,1.3864
5,8,180,1.3819,2.356
5,8,190,2.4906,2.5134
5,8,140,2.8656,0.81558
5,8,140,2.4619,0.9384
5,8,200,1.4768,3.8616
5,8,190,2.3639,1.5898
5,8,130,2.3012,3.9732
5,8,190,2.8861,2.7097
5,8,130,2.6273,2.5007
5,8,190,1.1844,1.9758
5,8,110,1.7266,2.9664
5,8,190,1.9519,3.3903
5,8,200,1.6489,2.2897
5,8,110,1.6753,1.228
5,8,200,1.1098,3.9326
5,8,130,2.9416,2.6507
5,8,150,2.7098,3.8301
5,8,180,2.9699,1.452
5,8,150,2.6063,2.8181
5,8,160,2.4885,3.3958
5,8,120,2.8281,0.93904
5,8,150,2.0673,4.0185
5,8,130,2.3071,2.1981
5,8,190,1.8954,3.2052
5,8,160,1.5095,3.409
5,8,140,2.4934,4.047
5,8,200,2.869,3.4346
5,8,130,2.1323,2.7787
5,8,110,1.949,3.8864
5,8,200,2.4856,1.5343
5,8,130,2.1592,2.3305
5,8,180,2.0806,1.7895
5,8,180,2.1118,2.1517
5,8,180,2.0174,1.591
5,8,190,2.3786,2.8509
5,8,130,2.4994,3.7894
5,8,190,1.867,1.1282
5,8,160,1.8737,1.8377
5,8,170,2.1486,4.024
5,8,150,2.4672,4.1801
5,8,200,2.9217,3.6943
5,8,120,2.2519,2.4071
5,8,160,2.5114,2.9447
5,8,200,2.8389,2.7036
5,8,150,2.3784,1.5528
5,8,150,2.6688,2.4847
5,8,160,2.3113,3.8646
5,8,180,2.4324,0.86469
5,8,120,2.4415,2.373
5,8,130,1.8466,3.9077
5,8,120,2.3966,1.7456
5,8,120,2.0821,3.8328
5,8,160,1.9907,2.7066
5,8,190,1.7517,3.1944
5,8,160,2.3452,3.2789
5,8,150,2.1723,2.6786
5,8,160,1.8045,2.1738
5,8,200,2.7334,2.1187
5,8,110,2.2326,1.1482
5,8,110,2.7904,3.268
5,8,180,1.9765,1.2603
5,8,130,2.3777,2.2908
5,8,200,1.0648,4.0217
5,8,180,1.9036,2.0206
5,8,180,1.1967,2.9723
5,8,140,1.6142,2.3898
5,8,180,1.1783,3.4267
5,8,180,1.0602,3.4208
5,8,110,1.3444,2.1271
5,8,150,1.7075,2.2104
5,8,200,1.5445,1.6799
5,8,170,2.2188,2.9478
5,8,140,1.0802,3.6813
5,8,170,1.4156,3.6438
5,8,110,2.7269,0.75939
5,8,140,1.8673,3.6133
5,8,190,1.9878,2.2443
5,8,150,1.6649,3.7115
5,8,110,2.6185,1.0321
5,8,200,1.9326,3.0428
5,8,130,2.4117,2.3001
5,8,190,1.0337,2.3603
5,8,200,2.769,1.0068
5,8,130,1.047,1.9347
5,8,170,2.4423,2.8368
5,8,200,1.1218,2.7154
5,8,130,1.8503,3.7196
5,8,140,2.2008,4.1045
5,8,130,2.2845,2.9025
5,8,200,2.688,3.2998
5,8,140,1.8721,1.4546
5,8,200,1.1079,2.7405
5,8,110,2.913,2.5023
5,8,130,1.6424,1.7977
5,8,160,2.6413,3.5454
5,8,200,2.1441,1.6872
5,8,130,2.471,1.8589
5,8,110,2.8535,3.6293
5,8,160,2.3069,1.3208
5,8,110,2.2402,1.7439
5,8,190,2.095,1.4228
5,8,140,2.7651,1.5121
5,8,160,1.6178,3.274
5,8,160,1.2248,2.3713
5,8,150,2.1903,2.8236
5,8,110,2.406,1.5424
5,8,170,2.2134,3.1978
5,8,160,2.9166,3.9089
5,8,190,2.343,2.9005
5,8,190,2.8315,3.8631
5,8,140,2.3955,3.5664
5,8,150,2.0637,2.8635
5,8,190,2.8114,2.517
5,8,140,2.8036,3.3233
5,8,200,2.3909,3.8599
5,8,180,2.9939,1.6216
5,8,130,1.8251,3.6912
5,8,180,2.6066,3.0098
